      52.1200
      52.3000
      52.3000
      52.3300
      52.4800
      52.4800
      52.4800
      52.4800
      52.4800
      52.4800
      52.4800
      52.4800
      52.4800
      52.4800
      52.4800
      52.3300
      52.3000
      52.3000
      52.1200
      52.1200
      51.9800
      51.9400
      51.8400
      51.7600
      51.5800
      51.4500
      51.2200
      51.1300
      51.0400
      50.8100
      50.5600
      50.4900
      50.2400
      49.9900
      49.7400
      49.4900
      49.2400
      48.9900
      48.7400
      48.4900
      48.2400
      47.8200
      47.5600
      47.1800
      46.8800
      46.5400
      46.2000
      45.7700
      45.4000
      44.9100
      44.5800
      44.0800
      43.5800
      43.1900
      42.7600
      42.2600
      41.6200
      41.0800
      40.5800
      39.9100
      39.4000
      38.7700
      38.2000
      37.5400
      36.8800
      36.1300
      35.3800
      34.8100
      33.9800
      33.1300
      32.3800
      31.6300
      31.2400
      32.0600
      32.9200
      33.6400
      34.2400
      34.8200
      35.5000
      36.0000
      36.5000
      37.0000
      37.3400
      37.8200
      38.2000
      38.4600
      38.8800
      39.1300
      39.3800
      39.6300
      39.8800
      39.9500
      40.2000
      40.2700
      40.4200
      40.5900
      40.6000
      40.6000
      40.6200
      40.7800
      40.6200
      40.6000
      40.6000
      40.5900
      40.4200
      40.2700
      40.2000
      39.9500
      39.8800
      39.6300
      39.3800
      39.1300
      38.8800
      38.4600
      38.2000
      37.8200
      37.3400
      37.0000
      36.5000
      36.0000
      35.5000
      34.8200
      34.2400
      33.6400
      32.9200
      32.0600
      31.2400
      30.3100
      29.2800
      28.2400
      27.1400
      25.7200
      24.4000
      22.7700
      21.0000
      18.8200
      16.4800
      16.5800
      16.9600
      17.2200
      17.6400
      17.8900
      18.1800
      18.5700
      18.8200
      19.0700
      19.3200
      19.5700
      19.9200
      20.2500
      20.5000
      20.7500
      21.0000
      21.1600
      21.3200
      21.5700
      21.8200
      22.0700
      22.3200
      22.4200
      22.6400
      22.8900
      22.9600
      23.2100
      23.3200
      23.5300
      23.6800
      23.8500
      23.9200
      24.0400
      24.2200
      24.3100
      24.4000
      24.5800
      24.7000
      24.7600
      24.8400
      24.9400
      24.9800
      25.1200
      25.1200
      25.1900
      25.3000
      25.3000
      25.3000
      25.3000
      25.3000
      25.3000
      25.4800
      25.4800
      25.4800
      25.3000
      25.3000
      25.3000
      25.3000
      25.3000
      25.3000
      25.1900
      25.1200
      25.1200
      24.9800
      24.9400
      24.8400
      24.7600
      24.7000
      24.5800
      24.4000
      24.3100
      24.2200
      24.0400
      23.9200
      23.8500
      23.6800
      23.5300
      23.3200
      23.2100
      22.9600
      22.8900
      22.6400
      22.4200
      22.3200
      22.0700
      21.8200
      21.5700
      21.3200
      21.1600
      21.0000
      20.7500
      20.5000
      20.2500
      19.9200
      19.5700
      19.3200
      19.0700
      18.8200
      18.5700
      18.1800
      17.8900
      17.6400
      17.2200
      16.9600
      16.5800
      16.2800
      15.9400
      15.6000
      15.3000
      14.9200
      14.4900
      14.1600
      13.8100
      13.3800
      13.1300
      14.6800
      16.6100
      18.2200
      19.6900
      20.9400
      22.0200
      23.0200
      23.8900
      24.8200
      25.5700
      26.1600
      26.8400
      27.3400
      27.8400
      28.3400
      28.8400
      29.1600
      29.5500
      29.8000
      30.0500
      30.3000
      30.5500
      30.7000
      30.8700
      30.9400
      31.0600
      31.0600
      31.0600
      31.0600
      31.0600
      30.9400
      30.8700
      30.7000
      30.5500
      30.3000
      30.0500
      29.8000
      29.5500
      29.1600
      28.8400
      28.3400
      27.8400
      27.3400
      26.8400
      26.1600
      25.5700
      24.8200
      24.2400
      25.2400
      26.2400
      27.2400
      28.0900
      29.0600
      29.9500
      30.7000
      31.6300
      32.3800
      33.1300
      33.9800
      34.8100
      35.3800
      36.1300
      36.8800
      37.5400
      38.2000
      38.7700
      39.4000
      39.9100
      40.5800
      41.0800
      41.6200
      42.2600
      42.7600
      43.1900
      43.5800
      44.0800
      44.5800
      44.9100
      45.4000
      45.7700
      46.2000
      46.5400
      46.8800
      47.1800
      47.5600
      47.8200
      48.2400
      48.4900
      48.7400
      48.9900
      49.2400
      49.4900
      49.7400
      49.9900
      50.2400
      50.4900
      50.5600
      50.8100
      51.0400
      51.1300
      51.2200
      51.4500
      51.5800
      51.7600
      51.8400
      51.9400
      51.9800
      52.1200
      52.1200
